00011100000000000000000000000000
10001100000000010000000000000100
10001100000000100000000000001000
00011100000000110000000000000000
00011100000001000000000000000001
00011100000001010000000000000000
00000000010001000101000000101010
00010000100001010000000000000101
00011100000001010000000000000000
00100100011000110000000000000001
00000000001000100000100000100010
00000000010000010010100000101010
00010000100001011111111111111011
10101100000000110000000000001100
10101100000000010000000000010000