00011100000000000000000000000000
00011100000000010000000000000000 
00011100000000100000000000000001 
10001100010000110000000000010100 
00011100000001000000000000000001 
00011100000001100000000000011000 
00010000100000110000000000001000 
00000000001000100010100000100000 
00000000000000100000100000100000 
00000000101000000001000000100000 
00100100100001000000000000000001 
10101100110001010000000000000000 
00100100110001100000000000000100 
00010100100000111111111111111001 
00011100000001010000000000000000